               -379.5551090152
          0.000000566      -0.000000199      -0.000007104
         -0.000000199      -0.000080446       0.000000116
         -0.000007104       0.000000116      -0.000128797
          37
  1     7       0.010187147       0.090690179      -0.018266277  N
  1     7       0.028583051      -0.000097592       0.049845637  N
  1     7       0.023709134       0.000024191       0.001118091  N
  1     7       0.009694035      -0.090555655      -0.018520073  N
  2     6       0.001451318      -0.037169708       0.000209566  C
  2     6      -0.001348901      -0.023309509      -0.013357343  C
  2     6       0.003779958      -0.040835178       0.044095015  C
  2     6      -0.001205600       0.023299819      -0.013294544  C
  2     6      -0.001810764       0.017612687      -0.012382728  C
  2     6      -0.000558137       0.016768335      -0.001348332  C
  2     6      -0.002422977       0.023917222      -0.005345437  C
  2     6      -0.000430352       0.015984894       0.000332045  C
  2     6      -0.002576046      -0.023908314      -0.005404439  C
  2     6       0.001412447      -0.019586633      -0.018766428  C
  2     6      -0.001900908      -0.017621329      -0.012416244  C
  2     6      -0.004578894       0.027286908       0.026946142  C
  2     6       0.001685468       0.037199347       0.000238989  C
  2     6      -0.004693566      -0.027357875       0.026935204  C
  2     6       0.003932034       0.040707728       0.044177961  C
  2     6       0.001498325       0.019699277      -0.018772831  C
  2     6      -0.000716693      -0.006283559      -0.013292352  C
  2     6      -0.000678869      -0.016798132      -0.001340948  C
  2     6      -0.000713329       0.006381756      -0.013269622  C
  2     6      -0.000530037      -0.015965988       0.000250523  C
  3     1      -0.001072117      -0.017485077      -0.019057360  H
  3     1      -0.000553383      -0.022973917      -0.018693294  H
  3     1      -0.003417776      -0.018418901      -0.023372890  H
  3     1       0.001717536      -0.023342129       0.018666938  H
  3     1      -0.003283709       0.018505214      -0.023308338  H
  3     1       0.000888721      -0.018345564       0.019205316  H
  3     1      -0.000936910       0.017548207      -0.019008767  H
  3     1       0.000956327       0.018288740       0.019247868  H
  3     1      -0.000259368      -0.018397711       0.024240430  H
  3     1      -0.000323426       0.023045292      -0.018643671  H
  3     1      -0.000194562       0.018321301       0.024305412  H
  3     1       0.001876370       0.023261959       0.018731777  H
  4    26      -0.056307099       0.000218677      -0.031030930  Fe2
